7305964 
647733192 
1271116984 
592265768 
-1145150946 
-2078249626 
433099943 
1700612176 
-1664461410 
66035367 
67712965 
191220269 
1451014718 
457165803 
1807279752 
1118565038 
-7610985 
1526203193 
-955152957 
-503076184 
655068243 
-1783918151 
1792284715 
1004478169 
42260131 
-721600322 
2036636914 
1459213141 
-1300177043 
-550944197 
-1669947778 
1409673851 
-870356682 
-1389341909 
-444879002 
-1591200080 
-340351748 
1631587562 
-809707173 
-1958165232 
832550080 
801956373 
-1752897128 
1004046981 
-420526179 
-269842327 
-879691748 
-516087922 
-831090006 
2060113017 
-1694102043 
-433819946 
402986493 
-256895247 
-933178212 
-1473998899 
-1480811862 
-747177060 
-2144654692 
-798597935 
-929450606 
1694367449 
218231046 
-1086522876 
1593012782 
-813127435 
-1966006568 
-391405060 
1738267674 
893399987 
-1584954230 
-1530564874 
1433354918 
1594816132 
1290501843 
-1790331791 
1794781328 
-164334733 
-1557768925 
-2016963785 
20325149 
1087488007 
-408200220 
859176723 
-1401996890 
-1226160566 
322911157 
772684741 
456202547 
246070190 
-1226446206 
1506154418 
85608384 
251536872 
2101037054 
1725604747 
-43314048 
-345668829 
836974069 
-609334085 
-380440354 
-47298253 
-1998118686 
-1048134623 
-889781692 
1843267974 
1294682405 
-142778396 
-659268930 
-1056528237 
-1789644389 
-295414519 
47701500 
869859775 
-571946158 
-419490023 
1028556641 
-1366486457 
106258195 
1530086893 
1307907209 
361641506 
1361123149 
-542974994 
-1333709830 
-1195312820 
-1616224296 
-1206911074 
1378669379 
95487616 
